出现频次  大纲页码
10	286
8	467
7	265
7	385
6	182
6	278
5	585
5	473
5	205
5	41
5	506
5	318
5	277
5	699
5	80
5	604
4	186
4	372
4	40
4	69
4	136
4	421
4	72
4	275
4	373
4	696
4	270
4	290
4	381
4	596
4	747
4	350
4	100
4	184
4	95
4	593
4	224
4	338
4	460
4	471
4	280
4	703
3	233
3	30
3	52
3	590
3	615
3	365
3	472
3	680
3	281
3	500
3	63
3	704
3	35
3	591
3	217
3	342
3	630
3	592
3	617
3	295
3	285
3	491
3	101
3	140
3	185
3	483
3	612
3	180
3	600
3	518
3	181
3	266
3	120
3	38
3	82
2	103
2	274
2	349
2	450
2	487
2	770
2	210
2	267
2	341
2	388
2	92
2	175
2	744
2	147
2	189
2	73
2	771
2	366
2	390
2	720
2	417
2	58
2	88
2	110
2	300？
2	526
2	698
2	772
2	139
2	271
2	37
2	392
2	44
2	683
2	766
2	26
2	36
2	643
2	301
2	375
2	734
2	344
2	393
2	508
2	686
2	769
2	207
2	90
2	119
2	351
2	411
2	227
2	273
2	485
2	725
2	209
2	364
2	386
2	68
2	91
2	172
2	20
2	246
2	357
2	461
2	56
2	74
1	143
1	726
1	教材143
1	29
1	503
1	609
1	759
1	121
1	200
1	248
1	311
1	358
1	380
1	412
1	465
1	579
1	595
1	83
1	107
1	234
1	300
1	408
1	454
1	49
1	523
1	616
1	没找到
1	138
1	183
1	424
1	505
1	586
1	61
1	682
1	76
1	94
1	127
1	177
1	249
1	282
1	317
1	35？
1	501
1	706
1	148
1	192
1	235
1	276
1	374
1	455
1	490
1	731
1	没找着
1	222
1	343
1	481
1	588
1	610
1	723
1	129
1	179
1	206
1	382
1	417？
1	47
1	501518
1	582
1	597
1	707
1	75
1	89
1	115
1	149
1	196
1	236
1	350、365
1	410
1	46
1	53
1	624
1	第三章大纲没有
1	272
1	296
1	370
1	449
1	589
1	724
1	98
1	130
1	363
1	419
1	470
1	501、526
1	583
1	66
1	713
1	750
1	171
1	197
1	244
1	303
1	379
1	497
1	539
1	593?
1	625
1	702
1	735
1	81？
1	？？
1	102
1	142
1	185？
1	298
1	345
1	371
1	398
1	45
1	59
1	614
1	689
1	77
1	改版？
1	135
1	287
1	34
1	42
1	502
1	584
1	718
1	756
1	309
1	411？
1	50
1	594
1	628